CID
18676105
24986779
69175241
43186929
255149
117066419
117066154
2795191
5043406
117064303
117064317
1480007
45055342
43118997
4063828
764752
64993402
31261
51040
8433
7166
70700
73706
5601
73943
74328
69949
67589
89830
81923
69208
13400
67594
98471
87597
28614
76355
81741
550193
87596
226503
589971
70179
76354
2773832
73761
138984
77640
2771476
11018869
238083
581379
86071688
86527
88600
689051
432651
233402
16779961
255158
23732
97757
781108
76453
275627
308117
432655
139903
12890
83403
97083
344637
21942204
61590
11194673
11054223
21408
18723
73763
9952605
596593
219637
308124
11469301
73896
3017501
67864
84192
87820
49760112
80314
308119
602482
287267
160191
2733934
252079
3006753
221734
95162
458200
2728494
10859020
16640910
18920369
529481
281668
300160
4552592
611940
53393266
12418330
11065204
12168
3013982
3006751
226784
13780782
98352
15484969
2771478
16227957
14154376
68495
595052
308121
18624099
12707221
1473359
252487
16227056
12171345
3006750
12446255
238413
15772022
68038
223148
2771616
18456551
5148802
15256966
231586
14268443
2774205
55273563
94050
12640721
5143337
15772021
2771615
50988004
238429
10465171
425461
2771473
13370511
3765615
43186887
617328
68411
238298
91785
431026
12242177
15338012
12306279
368060
11252382
19576760
112295
2778488
14242351
5709927
22997478
722646
12080913
308123
15664665
16767342
2771474
140764
162099
2763945
13074746
586691
75067
14987993
21912749
11469331
266066
23281977
3530412
57882741
3343838
2774908
2782518
4360651
11019285
244418
98194
367102
43186905
12340167
11322099
12246594
584545
2769662
247238
285760
10012154
15338015
135476
318182
13759260
10538314
6917124
13669855
14028328
10634032
28937661
12197573
12456220
42625717
15825654
2775832
1488803
21949865
822825
12162393
308125
14948870
58559243
20212814
12150600
519483
2771472
5340907
12435293
22316700
2775368
3258167
13545063
62744681
15783644
11021833
2782404
14945000
17024841
4962678
2763944
11356889
2736492
3803733
10869776
20886501
59333783
787407
75454473
96570
15664666
275108
6917294
2771617
13159612
87027
4111962
538280
103970
255120
2880737
253176
12722115
11208075
373268
2764337
3389566
3278541
4962709
11459405
2771765
53413207
13771081
17024681
19616539
4737217
12616030
1485548
54592572
4736886
17024805
117066403
131887898
117066421
1046875
12246593
4367777
3499430
74945
147646
3861108
3672296
2737246
3849370
2736965
3790190
2737234
12725383
3827632
2737259
3685749
3537941
58257040
118797666
19757489
11788466
55262701
54121076
10130149
117996908
12752536
80302380
569369
14268442
55262819
15169784
138987304
43114737
23005512
19616501
150325561
23005733
12715221
18668031
17024780
19576732
23143496
6917121
62873787
6472067
688103
2745219
63320033
2771673
13849441
89292914
75357911
43138891
11148620
5706821
17024874
19576729
43119010
308118
351828
11031432
62745196
156026365
4962708
43119002
23005472
17024819
17024782
2799459
2799447
64993550
17024668
17024742
58186722
71668619
43186918
11345326
166604260
4737232
12410524
45790297
23005471
308120
2772206
226780
63990923
4799707
2853017
17924219
22456017
4962746
86248483
49761164
19585914
521351
43186909
43186906
600806
15411123
129967772
13610932
12176195
145701
4962771
17024674
43186921
83396317
71756439
25219579
43119009
81675104
12921694
4736883
43186907
43186888
605909
43118310
124178601
2772205
17024634
53371449
124172612
3006754
43186904
16637148
2782324
43186914
4962719
6917203
43186917
129319908
42941183
21783948
5706548
300159
11630564
43186935
18624106
43186926
43186912
10017017
43186892
91671401
43119014
19588118
19588330
53249940
10924428
138110908
43104782
75487650
2769652
103596133
19588168
21894454
75480722
2782575
122360613
122360615
4983346
435352
16278
15084248
16699
85550
75751
18072004
12131491
12131481
3107398
64577522
9887588
10975767
551770
261539
13398903
2384358
2302250
3494509
3764070
44630524
93011
249880
286184
263191
117066007
13634211
4385765
5060488
4255555
1809489
2384529